94
80
87
34
64
22
46
56
2
94
61
63
13
12
66
45
98
10
95
22
11
11
89
99
78
42
63
68
1
19
42
93
63
59
43
46
16
44
21
47
8
72
80
94
66
79
12
36
83
31
81
84
53
27
67
68
98
16
39
29
3
34
21
29
68
73
80
82
16
50
71
61
27
41
47
14
64
15
37
51
52
75
91
43
99
40
92
32
48
38
28
33
50
37
27
26
7
55
69
19
7
9
79
79
38
12
52
5
50
11
48
74
35
70
20
34
38
42
81
17
35
27
18
52
87
27
92
30
70
15
24
95
99
90
49
6
22
65
22
73
12
55
48
94
45
43
78
43
99
94
61
35
92
38
89
79
10
19
15
55
78
81
10
90
70
10
44
98
62
2
84
45
49
84
32
40
22
64
17
97
71
82
20
27
74
34
86
24
43
16
63
37
34
63
74
33
9
99
45
25
43
13
52
73
59
60
98
46
4
32
70
82
53
5
79
39
86
60
25
43
38
89
3
7
7
47
6
29
68
98
38
53
1
80
46
77
57
68
95
45
18
73
27
89
25
77
90
11
31
63
13
82
7
94
58
100
39
10
18
20
51
79
25
55
77
96
28
100
15
47
88
79
100
75
26
79
43
62
64
4
88
21
4
56
74
14
84
79
71
62
54
60
22
86
59
40
9
13
63
2
27
35
52
42
40
37
76
77
61
29
14
43
6
3
78
45
52
14
75
85
8
13
24
26
40
8
6
18
43
17
17
67
1
50
85
45
50
53
1
92
82
36
30
89
38
60
36
23
46
37
96
18
93
63
60
42
18
74
32
77
73
23
62
42
74
87
53
5
56
10
12
56
26
35
80
38
84
30
32
100
86
14
34
41
15
21
100
42
7
70
12
98
99
1
20
96
53
47
61
58
20
21
1
97
29
8
30
38
67
74
22
2
73
3
80
3
43
45
95
45
7
84
68
82
20
21
27
12
81
86
39
3
82
81
61
26
62
18
98
35
37
37
44
69
63
51
34
91
82
6
43
62
100
78
26
17
42
24
21
93
26
90
61
65
29
39
35
63
82
98
19
50
93
36
15
78
67
85
31
14
50
86
45
27
10
81
10
52
17
27
56
3
99
80
90
84
89
9
80
72
2
53
51
69
32
64
60
96
80
24
2
99
89
87
93
54
88
7
43
15
9
37
41
27
94
32
43
31
50
95
68
34
88
94
98
66
28
32
65
48
36
16
50
21
95
78
68
16
19
4
92
41
76
5
6
58
53
32
84
48
5
46
6
39
80
96
52
51
29
23
51
22
84
4
53
55
73
60
86
48
61
19
23
31
86
97
91
10
58
53
40
13
18
37
76
4
41
78
74
39
83
83
77
91
91
13
98
54
20
55
44
84
2
95
89
38
55
89
57
52
44
50
46
29
20
69
14
16
29
12
90
47
88
28
68
63
72
63
34
50
31
26
9
6
41
91
44
75
8
94
27
72
43
93
10
41
27
100
98
98
91
56
12
16
66
79
64
53
43
9
51
83
30
17
27
28
5
26
73
46
65
8
54
66
49
11
5
72
84
3
70
7
89
5
90
57
67
24
98
86
97
2
86
54
26
20
51
2
76
48
57
9
59
81
2
43
7
75
87
92
36
36
86
47
42
84
83
19
90
100
98
20
10
79
50
100
96
65
3
47
56
29
60
57
68
19
68
69
31
92
41
7
17
54
79
15
4
43
62
91
33
10
12
93
69
76
89
98
87
39
55
4
48
84
36
28
81
1
16
26
41
37
40
73
74
37
63
68
56
100
25
16
72
51
63
100
21
68
57
92
55
24
39
19
68
19
71
36
84
33
46
98
35
99
44
35
7
38
45
16
32
88
56
47
57
77
23
92
58
28
23
46
14
67
75
47
77
96
35
34
74
14
76
81
72
59
18
95
41
69
75
42
60
47
90
6
39
84
13
99
15
20
4
21
21
70
37
82
41
29
79
93
94
41
64
27
95
91
67
99
15
1
17
40
41
23
16
91
22
24
34
81
100
10
15
78
81
8
27
14
19
7
37
14
98
26
42
98
67
89
11
54
9
97
42
91
42
5
99
91
32
32
16
100
48
5
52
5
79
65
89
9
67
33
66
63
40
47
81
57
38
13
73
66
79
58
49
48
18
81
29
35
24
95
96
22
98
18
95
68
37
10
40
14
77
99
8
24
80
18
84
78
36
73
97
8
30
13
13
59
62
19
95
61
4
32
17
40
95
51
39
91
94
78
28
89
32
76
74
88
